spawns: 
  default: 
    world: world
    x: -668.4027214831542
    y: 63.1875
    z: 465.37941596546926
    yaw: 180.0802
    pitch: 56.85013
