world: world
x: -659.0116234010724
y: 33.0
z: 475.1229658312928
yaw: 359.01172
pitch: 19.50037
name: INFO
lastowner: c0a68af6-e4ee-4b2b-b6bd-4287d97f0755
