world: Hardcore_world
x: -658.524739557768
y: 33.0
z: 506.1540661248852
yaw: 1.2756958
pitch: 26.249575
name: info
lastowner: c0a68af6-e4ee-4b2b-b6bd-4287d97f0755
